# Decimal PFASUM60 substitution matrix
# Rounded to 4 decimal digits
# Units = 1/3 Bits
# Entropy H = 0.494095 Bits
# Pfam seed version = 29.0
#
# For further information on the PFASUM substitution model, see 
#
#    PFASUM: A substitution matrix from Pfam structural alignments
#    Frank Keul, Martin Hess, Michael Goesele, Kay Hamacher
#    BMC Bioinformatics, 18(1), 2017
#    http://dx.doi.org/10.1186/s12859-017-1703-z
#
#    Project Website:
#    http://www.cbs.tu-darmstadt.de/PFASUM
#
  A        R        N        D        C        Q        E        G        H        I        L        K        M        F        P        S        T        W        Y        V        B        Z        J        X        
A 4.5976   -1.3877  -1.5094  -1.6200  0.3443   -0.6794  -0.7453  0.0690   -1.8996  -1.3915  -1.4982  -1.1556  -0.8113  -2.3356  -0.7663  0.9273   -0.0135  -2.9811  -2.5751  -0.0227  -4.5728  -3.7205  -4.4581  -13.5359 
R -1.3877  6.9106   -0.1147  -1.0139  -3.5672  1.5690   0.2656   -2.3639  0.6761   -3.8989  -3.3712  3.1017   -2.2842  -4.2747  -1.7280  -0.6450  -0.7979  -2.5142  -2.1591  -3.3035  -3.6103  -2.1998  -6.5609  -13.5927 
N -1.5094  -0.1147  7.1795   2.3272   -2.7875  0.7388   0.4108   -0.0253  1.1905   -4.5785  -4.4878  0.7667   -2.9155  -4.2340  -1.4217  1.1340   0.2458   -4.2144  -2.1544  -3.9544  0.2095   -2.4635  -7.5215  -13.4408 
D -1.6200  -1.0139  2.3272   7.3273   -4.8338  0.5182   2.6609   -0.8180  -0.3738  -6.0523  -5.6989  -0.0174  -4.4314  -5.9296  -0.8617  0.2920   -0.7427  -5.3418  -3.9198  -5.0119  0.5900   -1.0226  -8.8276  -13.6520 
C 0.3443   -3.5672  -2.7875  -4.8338  13.9925  -3.7218  -4.8062  -2.4949  -2.1914  -1.0694  -1.2886  -4.2415  -0.9081  -1.1353  -4.1343  -0.4255  -0.9061  -2.3463  -1.4469  -0.1090  -6.8477  -7.3681  -4.2054  -13.7702 
Q -0.6794  1.5690   0.7388   0.5182   -3.7218  6.3296   2.1719   -1.9119  1.1628   -3.6402  -2.9916  1.8984   -1.2053  -4.0896  -1.3119  0.0634   -0.2048  -3.4709  -2.2453  -2.9783  -2.3870  -0.3580  -6.2227  -13.3242 
E -0.7453  0.2656   0.4108   2.6609   -4.8062  2.1719   6.0847   -1.9454  -0.4473  -4.6146  -4.4421  1.3655   -3.1309  -5.3792  -0.9534  -0.1465  -0.5012  -4.7073  -3.3903  -3.5976  -1.1539  -0.2346  -7.5058  -13.5473 
G 0.0690   -2.3639  -0.0253  -0.8180  -2.4949  -1.9119  -1.9454  8.0546   -2.1649  -5.3125  -4.9841  -1.8922  -3.7863  -4.5760  -1.8822  0.0352   -1.8341  -4.3906  -4.3156  -4.2234  -3.4646  -4.9328  -8.1039  -14.0241 
H -1.8996  0.6761   1.1905   -0.3738  -2.1914  1.1628   -0.4473  -2.1649  10.3294  -3.7849  -3.1910  0.0243   -2.1801  -1.3831  -1.8931  -0.5915  -1.0901  -1.1752  1.7666   -3.2271  -2.6417  -2.7730  -6.4035  -13.4997 
I -1.3915  -3.8989  -4.5785  -6.0523  -1.0694  -3.6402  -4.6146  -5.3125  -3.7849  5.6207   2.5500   -3.9047  1.8592   0.6966   -3.9096  -3.4920  -1.3949  -1.9049  -1.5005  3.5736   -8.3664  -7.2239  -0.4235  -13.5020 
L -1.4982  -3.3712  -4.4878  -5.6989  -1.2886  -2.9916  -4.4421  -4.9841  -3.1910  2.5500   5.1157   -3.7741  2.6283   1.5935   -3.7941  -3.5456  -2.1021  -0.8193  -0.9773  1.4021   -8.1444  -6.8412  -0.7169  -13.7925 
K -1.1556  3.1017   0.7667   -0.0174  -4.2415  1.8984   1.3655   -1.8922  0.0243   -3.9047  -3.7741  6.1100   -2.3884  -4.8446  -1.0099  -0.1255  -0.2998  -4.0253  -2.8393  -3.3295  -2.6680  -1.4274  -6.8225  -13.4513 
M -0.8113  -2.2842  -2.9155  -4.4314  -0.9081  -1.2053  -3.1309  -3.7863  -2.1801  1.8592   2.6283   -2.3884  8.0373   1.1265   -3.5784  -2.0414  -0.8782  -0.8851  -0.6977  0.8621   -6.7241  -5.3072  -0.6433  -13.2734 
F -2.3356  -4.2747  -4.2340  -5.9296  -1.1353  -4.0896  -5.3792  -4.5760  -1.3831  0.6966   1.5935   -4.8446  1.1265   8.0999   -4.1891  -3.4373  -2.6461  2.6191   4.0711   -0.0673  -8.1296  -7.8508  -1.7202  -13.6405 
P -0.7663  -1.7280  -1.4217  -0.8617  -4.1343  -1.3119  -0.9534  -1.8822  -1.8931  -3.9096  -3.7941  -1.0099  -3.5784  -4.1891  9.6820   -0.2003  -1.1214  -3.9011  -3.8348  -2.9054  -4.0899  -4.0841  -6.8369  -13.8890 
S 0.9273   -0.6450  1.1340   0.2920   -0.4255  0.0634   -0.1465  0.0352   -0.5915  -3.4920  -3.5456  -0.1255  -2.0414  -3.4373  -0.2003  4.8601   1.9856   -3.5929  -2.5559  -2.4570  -2.3314  -3.0668  -6.5255  -13.4053 
T -0.0135  -0.7979  0.2458   -0.7427  -0.9061  -0.2048  -0.5012  -1.8341  -1.0901  -1.3949  -2.1021  -0.2998  -0.8782  -2.6461  -1.1214  1.9856   5.5810   -3.2840  -2.2904  -0.3126  -3.2964  -3.3879  -4.8242  -13.4062 
W -2.9811  -2.5142  -4.2144  -5.3418  -2.3463  -3.4709  -4.7073  -4.3906  -1.1752  -1.9049  -0.8193  -4.0253  -0.8851  2.6191   -3.9011  -3.5929  -3.2840  14.2399  3.3114   -2.2632  -7.8283  -7.2026  -4.1938  -13.8662 
Y -2.5751  -2.1591  -2.1544  -3.9198  -1.4469  -2.2453  -3.3903  -4.3156  1.7666   -1.5005  -0.9773  -2.8393  -0.6977  4.0711   -3.8348  -2.5559  -2.2904  3.3114   9.4574   -1.6220  -6.0833  -5.9258  -4.1655  -13.6820 
V -0.0227  -3.3035  -3.9544  -5.0119  -0.1090  -2.9783  -3.5976  -4.2234  -3.2271  3.5736   1.4021   -3.3295  0.8621   -0.0673  -2.9054  -2.4570  -0.3126  -2.2632  -1.6220  5.1777   -7.5324  -6.3554  -0.6549  -13.5131 
B -4.5728  -3.6103  0.2095   0.5900   -6.8477  -2.3870  -1.1539  -3.4646  -2.6417  -8.3664  -8.1444  -2.6680  -6.7241  -8.1296  -4.0899  -2.3314  -3.2964  -7.8283  -6.0833  -7.5324  1.3768   -4.5752  -11.2260 -16.5618 
Z -3.7205  -2.1998  -2.4635  -1.0226  -7.3681  -0.3580  -0.2346  -4.9328  -2.7730  -7.2239  -6.8412  -1.4274  -5.3072  -7.8508  -4.0841  -3.0668  -3.3879  -7.2026  -5.9258  -6.3554  -4.5752  0.4167   -9.9803  -16.4630 
J -4.4581  -6.5609  -7.5215  -8.8276  -4.2054  -6.2227  -7.5058  -8.1039  -6.4035  -0.4235  -0.7169  -6.8225  -0.6433  -1.7202  -6.8369  -6.5255  -4.8242  -4.1938  -4.1655  -0.6549  -11.2260 -9.9803  -0.4779  -16.6822 
X -13.5359 -13.5927 -13.4408 -13.6520 -13.7702 -13.3242 -13.5473 -14.0241 -13.4997 -13.5020 -13.7925 -13.4513 -13.2734 -13.6405 -13.8890 -13.4053 -13.4062 -13.8662 -13.6820 -13.5131 -16.5618 -16.4630 -16.6822 -20.5590 