# Decimal PFASUM51 substitution matrix
# Rounded to 4 decimal digits
# Units = 1/3 Bits
# Entropy H = 0.408424 Bits
# Pfam seed version = 29.0
#
# For further information on the PFASUM substitution model, see 
#
#    PFASUM: A substitution matrix from Pfam structural alignments
#    Frank Keul, Martin Hess, Michael Goesele, Kay Hamacher
#    BMC Bioinformatics, 18(1), 2017
#    http://dx.doi.org/10.1186/s12859-017-1703-z
#
#    Project Website:
#    http://www.cbs.tu-darmstadt.de/PFASUM
#
  A        R        N        D        C        Q        E        G        H        I        L        K        M        F        P        S        T        W        Y        V        B        Z        J        X        
A 4.1736   -1.1725  -1.3391  -1.4334  0.4035   -0.5591  -0.6598  0.1667   -1.6835  -1.1533  -1.2184  -1.0346  -0.5950  -1.9934  -0.6225  0.8390   0.0297   -2.5816  -2.2146  0.0566   -4.3926  -3.6216  -4.1939  -13.4734 
R -1.1725  6.4014   0.0362   -0.7003  -3.2603  1.6002   0.4821   -2.0029  0.7604   -3.5478  -3.0713  2.9572   -2.0195  -3.8375  -1.3864  -0.4410  -0.5830  -2.1995  -1.8333  -2.9799  -3.3680  -2.0615  -6.2438  -13.5102 
N -1.3391  0.0362   6.5455   2.3096   -2.5443  0.8099   0.5394   0.1427   1.1140   -4.2115  -4.1430  0.8598   -2.6516  -3.8528  -1.1293  1.1321   0.3176   -3.8230  -1.9057  -3.6474  -0.1150  -2.3566  -7.1686  -13.3840 
D -1.4334  -0.7003  2.3096   6.8712   -4.4169  0.6553   2.5894   -0.5895  -0.2153  -5.5390  -5.2242  0.1986   -4.0099  -5.4103  -0.5981  0.4156   -0.5444  -4.8322  -3.5157  -4.5989  0.2670   -1.0431  -8.3395  -13.5767 
C 0.4035   -3.2603  -2.5443  -4.4169  13.6104  -3.4206  -4.3777  -2.2134  -1.9317  -0.8071  -1.0009  -3.8842  -0.6442  -0.8668  -3.6799  -0.4109  -0.8310  -1.9921  -1.2061  0.0270   -6.5108  -6.9914  -3.9272  -13.6832 
Q -0.5591  1.6002   0.8099   0.6553   -3.4206  5.6610   2.1433   -1.6246  1.0913   -3.3391  -2.7827  1.8760   -1.1326  -3.7084  -1.0749  0.1860   -0.0599  -3.1054  -1.9546  -2.7300  -2.2775  -0.6540  -5.9830  -13.2720 
E -0.6598  0.4821   0.5394   2.5894   -4.3777  2.1433   5.6233   -1.6767  -0.2716  -4.2319  -4.0710  1.4709   -2.8292  -4.8897  -0.7276  0.0117   -0.3318  -4.2432  -2.9937  -3.3140  -1.1771  -0.5516  -7.1306  -13.4791 
G 0.1667   -2.0029  0.1427   -0.5895  -2.2134  -1.6246  -1.6767  7.7002   -1.8532  -4.7760  -4.4862  -1.6318  -3.3363  -4.0638  -1.4910  0.1659   -1.5224  -3.8960  -3.7966  -3.7860  -3.2592  -4.6570  -7.5925  -13.9186 
H -1.6835  0.7604   1.1140   -0.2153  -1.9317  1.0913   -0.2716  -1.8532  9.8189   -3.4266  -2.9065  0.1294   -1.9027  -1.2673  -1.5743  -0.4425  -0.9104  -0.9636  1.6628   -2.9101  -2.5929  -2.7059  -6.0941  -13.4332 
I -1.1533  -3.5478  -4.2115  -5.5390  -0.8071  -3.3391  -4.2319  -4.7760  -3.4266  5.1809   2.5363   -3.5842  1.8367   0.9105   -3.5113  -3.1426  -1.2711  -1.5402  -1.1572  3.4195   -7.9175  -6.8731  -0.5935  -13.4507 
L -1.2184  -3.0713  -4.1430  -5.2242  -1.0009  -2.7827  -4.0710  -4.4862  -2.9065  2.5363   4.7536   -3.4910  2.5431   1.6795   -3.4137  -3.2032  -1.8899  -0.5552  -0.7187  1.4762   -7.7257  -6.5390  -0.9363  -13.7215 
K -1.0346  2.9572   0.8598   0.1986   -3.8842  1.8760   1.4709   -1.6318  0.1294   -3.5842  -3.4910  5.6077   -2.1847  -4.4050  -0.7853  0.0118   -0.1672  -3.6358  -2.4833  -3.0751  -2.5045  -1.3718  -6.5257  -13.3961 
M -0.5950  -2.0195  -2.6516  -4.0099  -0.6442  -1.1326  -2.8292  -3.3363  -1.9027  1.8367   2.5431   -2.1847  7.1999   1.2250   -3.1339  -1.7896  -0.7548  -0.6124  -0.4258  0.9402   -6.3728  -5.1090  -0.7083  -13.2140 
F -1.9934  -3.8375  -3.8528  -5.4103  -0.8668  -3.7084  -4.8897  -4.0638  -1.2673  0.9105   1.6795   -4.4050  1.2250   7.5123   -3.6822  -3.0765  -2.3261  2.6357   3.8629   0.1672   -7.6708  -7.4055  -1.5930  -13.5562 
P -0.6225  -1.3864  -1.1293  -0.5981  -3.6799  -1.0749  -0.7276  -1.4910  -1.5743  -3.5113  -3.4137  -0.7853  -3.1339  -3.6822  9.2422   -0.0792  -0.8894  -3.4233  -3.3607  -2.5860  -3.8187  -3.8554  -6.4500  -13.7798 
S 0.8390   -0.4410  1.1321   0.4156   -0.4109  0.1860   0.0117   0.1659   -0.4425  -3.1426  -3.2032  0.0118   -1.7896  -3.0765  -0.0792  4.3066   1.8679   -3.1931  -2.2224  -2.2160  -2.2616  -2.9217  -6.1804  -13.3569 
T 0.0297   -0.5830  0.3176   -0.5444  -0.8310  -0.0599  -0.3318  -1.5224  -0.9104  -1.2711  -1.8899  -0.1672  -0.7548  -2.3261  -0.8894  1.8679   4.9647   -2.8977  -1.9403  -0.2745  -3.1524  -3.2272  -4.6475  -13.3484 
W -2.5816  -2.1995  -3.8230  -4.8322  -1.9921  -3.1054  -4.2432  -3.8960  -0.9636  -1.5402  -0.5552  -3.6358  -0.6124  2.6357   -3.4233  -3.1931  -2.8977  13.7203  3.3052   -1.8937  -7.3689  -6.7782  -3.8986  -13.7539 
Y -2.2146  -1.8333  -1.9057  -3.5157  -1.2061  -1.9546  -2.9937  -3.7966  1.6628   -1.1572  -0.7187  -2.4833  -0.4258  3.8629   -3.3607  -2.2224  -1.9403  3.3052   8.8401   -1.2818  -5.7488  -5.5719  -3.8779  -13.5892 
V 0.0566   -2.9799  -3.6474  -4.5989  0.0270   -2.7300  -3.3140  -3.7860  -2.9101  3.4195   1.4762   -3.0751  0.9402   0.1672   -2.5860  -2.2160  -0.2745  -1.8937  -1.2818  4.7490   -7.1638  -6.0844  -0.6902  -13.4576 
B -4.3926  -3.3680  -0.1150  0.2670   -6.5108  -2.2775  -1.1771  -3.2592  -2.5929  -7.9175  -7.7257  -2.5045  -6.3728  -7.6708  -3.8187  -2.2616  -3.1524  -7.3689  -5.7488  -7.1638  0.8393   -4.5601  -10.7966 -16.4933 
Z -3.6216  -2.0615  -2.3566  -1.0431  -6.9914  -0.6540  -0.5516  -4.6570  -2.7059  -6.8731  -6.5390  -1.3718  -5.1090  -7.4055  -3.8554  -2.9217  -3.2272  -6.7782  -5.5719  -6.0844  -4.5601  -0.1133  -9.6612  -16.4004 
J -4.1939  -6.2438  -7.1686  -8.3395  -3.9272  -5.9830  -7.1306  -7.5925  -6.0941  -0.5935  -0.9363  -6.5257  -0.7083  -1.5930  -6.4500  -6.1804  -4.6475  -3.8986  -3.8779  -0.6902  -10.7966 -9.6612  -0.8660  -16.6185 
X -13.4734 -13.5102 -13.3840 -13.5767 -13.6832 -13.2720 -13.4791 -13.9186 -13.4332 -13.4507 -13.7215 -13.3961 -13.2140 -13.5562 -13.7798 -13.3569 -13.3484 -13.7539 -13.5892 -13.4576 -16.4933 -16.4004 -16.6185 -20.4889 