# Decimal PFASUM45 substitution matrix
# Rounded to 4 decimal digits
# Units = 1/3 Bits
# Entropy H = 0.352915 Bits
# Pfam seed version = 29.0
#
# For further information on the PFASUM substitution model, see 
#
#    PFASUM: A substitution matrix from Pfam structural alignments
#    Frank Keul, Martin Hess, Michael Goesele, Kay Hamacher
#    BMC Bioinformatics, 18(1), 2017
#    http://dx.doi.org/10.1186/s12859-017-1703-z
#
#    Project Website:
#    http://www.cbs.tu-darmstadt.de/PFASUM
#
  A        R        N        D        C        Q        E        G        H        I        L        K        M        F        P        S        T        W        Y        V        B        Z        J        X        
A 3.8705   -1.0442  -1.2377  -1.3201  0.4433   -0.4989  -0.6105  0.2338   -1.5472  -0.9927  -1.0243  -0.9729  -0.4455  -1.7535  -0.5535  0.7769   0.0536   -2.3134  -1.9781  0.1075   -4.2840  -3.5679  -4.0124  -13.4327 
R -1.0442  6.0356   0.1413   -0.4900  -3.0349  1.6088   0.6142   -1.7590  0.7934   -3.3093  -2.8662  2.8436   -1.8556  -3.5346  -1.1659  -0.3219  -0.4532  -1.9999  -1.6317  -2.7590  -3.2040  -1.9813  -6.0276  -13.4568 
N -1.2377  0.1413   6.1070   2.2774   -2.4672  0.8472   0.6291   0.2336   1.0551   -3.9376  -3.8875  0.9273   -2.4709  -3.5734  -0.9428  1.1156   0.3499   -3.5656  -1.7372  -3.4220  -0.3419  -2.2869  -6.9063  -13.3483 
D -1.3201  -0.4900  2.2774   6.5496   -4.1112  0.7445   2.5367   -0.4589  -0.1288  -5.1707  -4.8958  0.3475   -3.7331  -5.0428  -0.4218  0.4713   -0.4127  -4.4948  -3.2417  -4.3024  0.0413   -1.0590  -7.9972  -13.5277 
C 0.4433   -3.0349  -2.4672  -4.1112  13.2953  -3.1946  -4.0644  -1.9991  -1.7644  -0.6041  -0.7910  -3.6083  -0.4525  -0.6792  -3.3668  -0.3769  -0.7634  -1.7598  -1.0334  0.1501   -6.3183  -6.7137  -3.7197  -13.6158 
Q -0.4989  1.6088   0.8472   0.7445   -3.1946  5.2189   2.1078   -1.4458  1.0439   -3.1319  -2.6309  1.8414   -1.0887  -3.4473  -0.9258  0.2527   0.0124   -2.8505  -1.7651  -2.5516  -2.2105  -0.8497  -5.8127  -13.2412 
E -0.6105  0.6142   0.6291   2.5367   -4.0644  2.1078   5.3062   -1.4995  -0.1602  -3.9681  -3.8198  1.5286   -2.6486  -4.5545  -0.5976  0.0988   -0.2243  -3.9678  -2.7360  -3.1259  -1.1927  -0.7680  -6.8750  -13.4364 
G 0.2338   -1.7590  0.2336   -0.4589  -1.9991  -1.4458  -1.4995  7.4188   -1.6575  -4.3731  -4.1085  -1.4461  -3.0129  -3.6845  -1.2282  0.2537   -1.3148  -3.5255  -3.4340  -3.4440  -3.1439  -4.4791  -7.2061  -13.8428 
H -1.5472  0.7934   1.0551   -0.1288  -1.7644  1.0439   -0.1602  -1.6575  9.4686   -3.1869  -2.7090  0.1862   -1.7366  -1.2027  -1.3598  -0.3656  -0.7935  -0.8596  1.5637   -2.6994  -2.5735  -2.6634  -5.8827  -13.3925 
I -0.9927  -3.3093  -3.9376  -5.1707  -0.6041  -3.1319  -3.9681  -4.3731  -3.1869  4.8510   2.5052   -3.3623  1.8108   1.0406   -3.2296  -2.8921  -1.1745  -1.3150  -0.9374  3.2723   -7.5906  -6.6317  -0.7295  -13.4172 
L -1.0243  -2.8662  -3.8875  -4.8958  -0.7910  -2.6309  -3.8198  -4.1085  -2.7090  2.5052   4.4690   -3.2995  2.4557   1.7248   -3.1464  -2.9492  -1.7269  -0.3910  -0.5550  1.5109   -7.4280  -6.3298  -1.1115  -13.6710 
K -0.9729  2.8436   0.9273   0.3475   -3.6083  1.8414   1.5286   -1.4461  0.1862   -3.3623  -3.2995  5.2646   -2.0616  -4.0991  -0.6383  0.0917   -0.0855  -3.3648  -2.2488  -2.9051  -2.3906  -1.3501  -6.3230  -13.3613 
M -0.4455  -1.8556  -2.4709  -3.7331  -0.4525  -1.0887  -2.6486  -3.0129  -1.7366  1.8108   2.4557   -2.0616  6.5308   1.2728   -2.8524  -1.6118  -0.6669  -0.4419  -0.2669  0.9846   -6.1383  -4.9893  -0.7758  -13.1765 
F -1.7535  -3.5346  -3.5734  -5.0428  -0.6792  -3.4473  -4.5545  -3.6845  -1.2027  1.0406   1.7248   -4.0991  1.2728   7.0288   -3.3434  -2.8132  -2.0891  2.6048   3.6759   0.3227   -7.3415  -7.1007  -1.5201  -13.4970 
P -0.5535  -1.1659  -0.9428  -0.4218  -3.3668  -0.9258  -0.5976  -1.2282  -1.3598  -3.2296  -3.1464  -0.6383  -2.8524  -3.3434  8.9022   0.0051   -0.7384  -3.0878  -3.0394  -2.3598  -3.6408  -3.7191  -6.1775  -13.7059 
S 0.7769   -0.3219  1.1156   0.4713   -0.3769  0.2527   0.0988   0.2537   -0.3656  -2.8921  -2.9492  0.0917   -1.6118  -2.8132  0.0051   3.9220   1.7657   -2.9259  -2.0034  -2.0339  -2.2365  -2.8422  -5.9276  -13.3268 
T 0.0536   -0.4532  0.3499   -0.4127  -0.7634  0.0124   -0.2243  -1.3148  -0.7935  -1.1745  -1.7269  -0.0855  -0.6669  -2.0891  -0.7384  1.7657   4.5145   -2.6330  -1.7100  -0.2504  -3.0643  -3.1330  -4.5107  -13.3105 
W -2.3134  -1.9999  -3.5656  -4.4948  -1.7598  -2.8505  -3.9678  -3.5255  -0.8596  -1.3150  -0.3910  -3.3648  -0.4419  2.6048   -3.0878  -2.9259  -2.6330  13.2875  3.2682   -1.6579  -7.0658  -6.5095  -3.7159  -13.6788 
Y -1.9781  -1.6317  -1.7372  -3.2417  -1.0334  -1.7651  -2.7360  -3.4340  1.5637   -0.9374  -0.5550  -2.2488  -0.2669  3.6759   -3.0394  -2.0034  -1.7100  3.2682   8.3541   -1.0651  -5.5222  -5.3417  -3.6950  -13.5277 
V 0.1075   -2.7590  -3.4220  -4.3024  0.1501   -2.5516  -3.1259  -3.4440  -2.6994  3.2723   1.5109   -2.9051  0.9846   0.3227   -2.3598  -2.0339  -0.2504  -1.6579  -1.0651  4.4268   -6.8972  -5.8991  -0.7400  -13.4197 
B -4.2840  -3.2040  -0.3419  0.0413   -6.3183  -2.2105  -1.1927  -3.1439  -2.5735  -7.5906  -7.4280  -2.3906  -6.1383  -7.3415  -3.6408  -2.2365  -3.0643  -7.0658  -5.5222  -6.8972  0.4623   -4.5511  -10.4885 -16.4493 
Z -3.5679  -1.9813  -2.2869  -1.0590  -6.7137  -0.8497  -0.7680  -4.4791  -2.6634  -6.6317  -6.3298  -1.3501  -4.9893  -7.1007  -3.7191  -2.8422  -3.1330  -6.5095  -5.3417  -5.8991  -4.5511  -0.4719  -9.4409  -16.3618 
J -4.0124  -6.0276  -6.9063  -7.9972  -3.7197  -5.8127  -6.8750  -7.2061  -5.8827  -0.7295  -1.1115  -6.3230  -0.7758  -1.5201  -6.1775  -5.9276  -4.5107  -3.7159  -3.6950  -0.7400  -10.4885 -9.4409  -1.1684  -16.5742 
X -13.4327 -13.4568 -13.3483 -13.5277 -13.6158 -13.2412 -13.4364 -13.8428 -13.3925 -13.4172 -13.6710 -13.3613 -13.1765 -13.4970 -13.7059 -13.3268 -13.3105 -13.6788 -13.5277 -13.4197 -16.4493 -16.3618 -16.5742 -20.4423 