# Decimal PFASUM31 substitution matrix
# Rounded to 4 decimal digits
# Units = 1/4 Bits
# Entropy H = 0.229741 Bits
# Pfam seed version = 29.0
#
# For further information on the PFASUM substitution model, see 
#
#    PFASUM: A substitution matrix from Pfam structural alignments
#    Frank Keul, Martin Hess, Michael Goesele, Kay Hamacher
#    BMC Bioinformatics, 18(1), 2017
#    http://dx.doi.org/10.1186/s12859-017-1703-z
#
#    Project Website:
#    http://www.cbs.tu-darmstadt.de/PFASUM
#
  A        R        N        D        C        Q        E        G        H        I        L        K        M        F        P        S        T        W        Y        V        B        Z        J        X        
A 4.0510   -1.0240  -1.2912  -1.4383  0.6825   -0.4789  -0.6812  0.4548   -1.6983  -0.8331  -0.7873  -1.0629  -0.2095  -1.5329  -0.5932  0.8245   0.1336   -2.1914  -1.8545  0.2466   -5.3721  -4.6026  -4.8046  -17.7884 
R -1.0240  6.8934   0.4735   -0.0429  -3.1335  2.0516   1.1493   -1.7018  1.0375   -3.6927  -3.1367  3.3851   -2.0504  -3.7321  -0.8936  -0.2155  -0.3591  -1.9925  -1.6155  -3.0138  -3.8063  -2.4872  -7.3413  -17.7990 
N -1.2912  0.4735   6.6640   2.8143   -2.5837  1.2282   1.0833   0.5018   1.1286   -4.3071  -4.2272  1.3955   -2.6784  -3.8332  -0.6840  1.3693   0.5729   -3.6832  -1.7373  -3.7093  -1.2524  -2.8606  -8.2573  -17.6891 
D -1.4383  -0.0429  2.8143   7.7009   -4.2630  1.2400   3.2045   -0.3158  0.0113   -5.6688  -5.3943  0.8953   -4.1676  -5.4634  -0.0728  0.7274   -0.2274  -4.8055  -3.3659  -4.7030  -0.6787  -1.4734  -9.4968  -17.8933 
C 0.6825   -3.1335  -2.5837  -4.2630  15.9647  -3.3055  -4.2964  -1.7819  -1.7861  -0.0657  -0.2756  -3.8399  0.0539   -0.2053  -3.3065  -0.2842  -0.6586  -1.6335  -0.8081  0.6570   -7.4515  -7.8954  -4.1951  -17.8749 
Q -0.4789  2.0516   1.2282   1.2400   -3.3055  5.4676   2.6917   -1.3912  1.1555   -3.4641  -2.9350  2.3169   -1.3163  -3.7085  -0.7453  0.4523   0.1955   -2.8727  -1.7355  -2.8072  -2.7653  -1.7484  -7.1299  -17.5637 
E -0.6812  1.1493   1.0833   3.2045   -4.2964  2.6917   6.0995   -1.4899  -0.0037  -4.4616  -4.2099  2.1874   -3.0206  -4.9812  -0.4010  0.2942   -0.0691  -4.2824  -2.8372  -3.5639  -1.6491  -1.6658  -8.3041  -17.7915 
G 0.4548   -1.7018  0.5018   -0.3158  -1.7819  -1.3912  -1.4899  8.7507   -1.6676  -4.4336  -4.1617  -1.3842  -2.9272  -3.5884  -0.9549  0.5728   -1.0698  -3.3388  -3.3426  -3.4093  -3.9359  -5.4518  -8.2632  -18.2096 
H -1.6983  1.0375   1.1286   0.0113   -1.7861  1.1555   -0.0037  -1.6676  11.7763  -3.5599  -3.0594  0.2922   -1.9699  -1.6166  -1.1160  -0.4478  -0.8363  -0.8000  1.5730   -2.9785  -3.4624  -3.5305  -7.2441  -17.7775 
I -0.8331  -3.6927  -4.3071  -5.6688  -0.0657  -3.4641  -4.4616  -4.4336  -3.5599  5.2959   3.0870   -3.7863  2.2207   1.6745   -3.3196  -3.0055  -1.2145  -0.9446  -0.5935  3.7537   -9.0201  -8.0578  -1.5285  -17.7880 
L -0.7873  -3.1367  -4.2272  -5.3943  -0.2756  -2.9350  -4.2099  -4.1617  -3.0594  3.0870   4.8577   -3.7250  2.8023   2.2902   -3.2376  -3.0545  -1.7130  0.0136   -0.2355  2.0170   -8.8432  -7.6864  -2.1932  -18.0655 
K -1.0629  3.3851   1.3955   0.8953   -3.8399  2.3169   2.1874   -1.3842  0.2922   -3.7863  -3.7250  5.9484   -2.4708  -4.4492  -0.4043  0.2549   0.0511   -3.5325  -2.2993  -3.2671  -2.8757  -1.7625  -7.7482  -17.7147 
M -0.2095  -2.0504  -2.6784  -4.1676  0.0539   -1.3163  -3.0206  -2.9272  -1.9699  2.2207   2.8023   -2.4708  6.3365   1.7400   -2.9218  -1.6177  -0.6260  -0.0168  0.1250   1.4060   -7.4541  -6.3052  -1.4114  -17.4754 
F -1.5329  -3.7321  -3.8332  -5.4634  -0.2053  -3.7085  -4.9812  -3.5884  -1.6166  1.6745   2.2902   -4.4492  1.7400   7.3885   -3.2795  -2.8125  -1.9532  3.2329   4.0523   0.8743   -8.6774  -8.4586  -1.9355  -17.8127 
P -0.5932  -0.8936  -0.6840  -0.0728  -3.3065  -0.7453  -0.4010  -0.9549  -1.1160  -3.3196  -3.2376  -0.4043  -2.9218  -3.2795  10.4880  0.1956   -0.5703  -2.9000  -2.9407  -2.4264  -4.3380  -4.5309  -7.2686  -18.0375 
S 0.8245   -0.2155  1.3693   0.7274   -0.2842  0.4523   0.2942   0.5728   -0.4478  -3.0055  -3.0545  0.2549   -1.6177  -2.8125  0.1956   4.1082   1.9173   -2.9237  -1.9681  -2.1079  -2.9768  -3.6446  -7.0359  -17.6913 
T 0.1336   -0.3591  0.5729   -0.2274  -0.6586  0.1955   -0.0691  -1.0698  -0.8363  -1.2145  -1.7130  0.0511   -0.6260  -1.9532  -0.5703  1.9173   4.5191   -2.5540  -1.5202  -0.2636  -3.8559  -3.9660  -5.5189  -17.6375 
W -2.1914  -1.9925  -3.6832  -4.8055  -1.6335  -2.8727  -4.2824  -3.3388  -0.8000  -0.9446  0.0136   -3.5325  -0.0168  3.2329   -2.9000  -2.9237  -2.5540  15.6157  4.1141   -1.3027  -8.2767  -7.6994  -4.3312  -17.9545 
Y -1.8545  -1.6155  -1.7373  -3.3659  -0.8081  -1.7355  -2.8372  -3.3426  1.5730   -0.5935  -0.2355  -2.2993  0.1250   4.0523   -2.9407  -1.9681  -1.5202  4.1141   9.1441   -0.6932  -6.5807  -6.3888  -4.3686  -17.8317 
V 0.2466   -3.0138  -3.7093  -4.7030  0.6570   -2.8072  -3.5639  -3.4093  -2.9785  3.7537   2.0170   -3.2671  1.4060   0.8743   -2.4264  -2.1079  -0.2636  -1.3027  -0.6932  4.7009   -8.2375  -7.2613  -1.2618  -17.7665 
B -5.3721  -3.8063  -1.2524  -0.6787  -7.4515  -2.7653  -1.6491  -3.9359  -3.4624  -9.0201  -8.8432  -2.8757  -7.4541  -8.6774  -4.3380  -2.9768  -3.8559  -8.2767  -6.5807  -8.2375  -0.6226  -6.0528  -12.9097 -21.8023 
Z -4.6026  -2.4872  -2.8606  -1.4734  -7.8954  -1.7484  -1.6658  -5.4518  -3.5305  -8.0578  -7.6864  -1.7625  -6.3052  -8.4586  -4.5309  -3.6446  -3.9660  -7.6994  -6.3888  -7.2613  -6.0528  -1.7689  -11.8244 -21.7039 
J -4.8046  -7.3413  -8.2573  -9.4968  -4.1951  -7.1299  -8.3041  -8.2632  -7.2441  -1.5285  -2.1932  -7.7482  -1.4114  -1.9355  -7.2686  -7.0359  -5.5189  -4.3312  -4.3686  -1.2618  -12.9097 -11.8244 -2.6922  -21.9595 
X -17.7884 -17.7990 -17.6891 -17.8933 -17.8749 -17.5637 -17.7915 -18.2096 -17.7775 -17.7880 -18.0655 -17.7147 -17.4754 -17.8127 -18.0375 -17.6913 -17.6375 -17.9545 -17.8317 -17.7665 -21.8023 -21.7039 -21.9595 -27.1147 