# Decimal PFASUM78 substitution matrix
# Rounded to 4 decimal digits
# Units = 1/2 Bits
# Entropy H = 0.693131 Bits
# Pfam seed version = 29.0
#
# For further information on the PFASUM substitution model, see 
#
#    PFASUM: A substitution matrix from Pfam structural alignments
#    Frank Keul, Martin Hess, Michael Goesele, Kay Hamacher
#    BMC Bioinformatics, 18(1), 2017
#    http://dx.doi.org/10.1186/s12859-017-1703-z
#
#    Project Website:
#    http://www.cbs.tu-darmstadt.de/PFASUM
#
  A        R        N        D        C        Q        E        G        H        I        L        K        M        F        P        S        T        W        Y        V        B        Z        J        X        
A 3.6536   -1.3305  -1.2731  -1.3850  0.1530   -0.6843  -0.6785  -0.1171  -1.6406  -1.3099  -1.4233  -1.0081  -0.8864  -2.0541  -0.7513  0.6920   -0.1076  -2.5479  -2.2341  -0.1712  -3.3380  -2.6806  -3.3801  -9.1224  
R -1.3305  5.2413   -0.3531  -1.1723  -2.8187  0.9290   -0.2060  -2.1122  0.2818   -3.1089  -2.6622  2.1965   -1.9165  -3.4443  -1.6756  -0.7803  -0.8906  -2.0886  -1.8912  -2.6954  -2.8036  -1.7364  -4.8221  -9.1846  
N -1.2731  -0.3531  5.5994   1.5093   -2.1685  0.3248   0.0044   -0.2875  0.8393   -3.5475  -3.4612  0.3016   -2.3203  -3.3338  -1.4245  0.6958   0.0056   -3.3440  -1.7885  -3.0865  0.5642   -1.8739  -5.4933  -9.0558  
D -1.3850  -1.1723  1.5093   5.4444   -3.7541  0.1134   1.8477   -0.9025  -0.5101  -4.7214  -4.4157  -0.3616  -3.5434  -4.6428  -1.0100  -0.0486  -0.8273  -4.2159  -3.1385  -3.9227  0.7904   -0.6750  -6.5268  -9.2086  
C 0.1530   -2.8187  -2.1685  -3.7541  9.7241   -2.9420  -3.8851  -2.0863  -1.9097  -1.1091  -1.2581  -3.4149  -0.9680  -1.1750  -3.3807  -0.3120  -0.7112  -1.9821  -1.3398  -0.2388  -4.9882  -5.5025  -3.2012  -9.2975  
Q -0.6843  0.9290   0.3248   0.1134   -2.9420  5.0752   1.4312   -1.7091  0.8081   -2.8392  -2.2375  1.2136   -0.9258  -3.2085  -1.1992  -0.1893  -0.3867  -2.7508  -1.8948  -2.3393  -1.7970  0.1471   -4.4492  -8.9669  
E -0.6785  -0.2060  0.0044   1.8477   -3.8851  1.4312   4.6454   -1.7154  -0.6258  -3.6174  -3.4426  0.6840   -2.5435  -4.2630  -1.0111  -0.3999  -0.6462  -3.7526  -2.8046  -2.7978  -0.7815  0.2569   -5.5071  -9.1388  
G -0.1171  -2.1122  -0.2875  -0.9025  -2.0863  -1.7091  -1.7154  5.7700   -1.8931  -4.2661  -3.9881  -1.6884  -3.1703  -3.7181  -1.8424  -0.1716  -1.6600  -3.5489  -3.6109  -3.4140  -2.6311  -3.7131  -6.0895  -9.4899  
H -1.6406  0.2818   0.8393   -0.5101  -1.9097  0.8081   -0.6258  -1.8931  7.5243   -3.0163  -2.5011  -0.1927  -1.8937  -1.0763  -1.6752  -0.6511  -1.0426  -1.0745  1.2559   -2.6355  -1.8720  -2.0142  -4.6842  -9.1039  
I -1.3099  -3.1089  -3.5475  -4.7214  -1.1091  -2.8392  -3.6174  -4.2661  -3.0163  4.3274   1.6645   -3.0893  1.2238   0.1427   -3.1713  -2.8224  -1.1273  -1.7396  -1.4846  2.5277   -6.1752  -5.3071  -0.0681  -9.0821  
L -1.4233  -2.6622  -3.4612  -4.4157  -1.2581  -2.2375  -3.4426  -3.9881  -2.5011  1.6645   3.8870   -2.8954  1.8246   0.9086   -3.0337  -2.8125  -1.7128  -0.9243  -1.0054  0.7849   -5.9806  -4.9404  -0.1946  -9.2908  
K -1.0081  2.1965   0.3016   -0.3616  -3.4149  1.2136   0.6840   -1.6884  -0.1927  -3.0893  -2.8954  4.7300   -1.9026  -3.8555  -1.0679  -0.3716  -0.4512  -3.1770  -2.4046  -2.6125  -2.0676  -1.1103  -4.9668  -9.0656  
M -0.8864  -1.9165  -2.3203  -3.5434  -0.9680  -0.9258  -2.5435  -3.1703  -1.8937  1.2238   1.8246   -1.9026  6.2858   0.5381   -2.9978  -1.7431  -0.7606  -0.9854  -0.8658  0.4286   -4.9717  -3.8408  -0.3868  -8.9447  
F -2.0541  -3.4443  -3.3338  -4.6428  -1.1750  -3.2085  -4.2630  -3.7181  -1.0763  0.1427   0.9086   -3.8555  0.5381   6.0865   -3.4556  -2.7589  -2.2141  1.7348   2.9033   -0.4186  -6.0261  -5.8303  -1.3560  -9.2128  
P -0.7513  -1.6756  -1.4245  -1.0100  -3.3807  -1.1992  -1.0111  -1.8424  -1.6752  -3.1713  -3.0337  -1.0679  -2.9978  -3.4556  6.9493   -0.3411  -1.0913  -3.2731  -3.1721  -2.3748  -3.1749  -3.0787  -5.0846  -9.4100  
S 0.6920   -0.7803  0.6958   -0.0486  -0.3120  -0.1893  -0.3999  -0.1716  -0.6511  -2.8224  -2.8125  -0.3716  -1.7431  -2.7589  -0.3411  3.9825   1.4079   -2.8956  -2.1673  -2.0024  -1.7160  -2.3209  -4.8162  -9.0179  
T -0.1076  -0.8906  0.0056   -0.8273  -0.7112  -0.3867  -0.6462  -1.6600  -1.0426  -1.1273  -1.7128  -0.4512  -0.7606  -2.2141  -1.0913  1.4079   4.4936   -2.7165  -2.0103  -0.2884  -2.4520  -2.5483  -3.4785  -9.0309  
W -2.5479  -2.0886  -3.3440  -4.2159  -1.9821  -2.7508  -3.7526  -3.5489  -1.0745  -1.7396  -0.9243  -3.1770  -0.9854  1.7348   -3.2731  -2.8956  -2.7165  10.0680  2.2101   -2.0356  -5.8216  -5.3437  -3.2044  -9.3829  
Y -2.2341  -1.8912  -1.7885  -3.1385  -1.3398  -1.8948  -2.8046  -3.6109  1.2559   -1.4846  -1.0054  -2.4046  -0.8658  2.9033   -3.1721  -2.1673  -2.0103  2.2101   6.9895   -1.5862  -4.5001  -4.4368  -3.1763  -9.2468  
V -0.1712  -2.6954  -3.0865  -3.9227  -0.2388  -2.3393  -2.7978  -3.4140  -2.6355  2.5277   0.7849   -2.6125  0.4286   -0.4186  -2.3748  -2.0024  -0.2884  -2.0356  -1.5862  4.0152   -5.5458  -4.6211  -0.4321  -9.0969  
B -3.3380  -2.8036  0.5642   0.7904   -4.9882  -1.7970  -0.7815  -2.6311  -1.8720  -6.1752  -5.9806  -2.0676  -4.9717  -6.0261  -3.1749  -1.7160  -2.4520  -5.8216  -4.5001  -5.5458  1.5794   -3.1139  -8.0522  -11.1446 
Z -2.6806  -1.7364  -1.8739  -0.6750  -5.5025  0.1471   0.2569   -3.7131  -2.0142  -5.3071  -4.9404  -1.1103  -3.8408  -5.8303  -3.0787  -2.3209  -2.5483  -5.3437  -4.4368  -4.6211  -3.1139  0.9575   -7.0728  -11.0750 
J -3.3801  -4.8221  -5.4933  -6.5268  -3.2012  -4.4492  -5.5071  -6.0895  -4.6842  -0.0681  -0.1946  -4.9668  -0.3868  -1.3560  -5.0846  -4.8162  -3.4785  -3.2044  -3.1763  -0.4321  -8.0522  -7.0728  0.1835   -11.2109 
X -9.1224  -9.1846  -9.0558  -9.2086  -9.2975  -8.9669  -9.1388  -9.4899  -9.1039  -9.0821  -9.2908  -9.0656  -8.9447  -9.2128  -9.4100  -9.0179  -9.0309  -9.3829  -9.2468  -9.0969  -11.1446 -11.0750 -11.2109 -13.8101 