# Decimal PFASUM59 substitution matrix
# Rounded to 4 decimal digits
# Units = 1/3 Bits
# Entropy H = 0.484865 Bits
# Pfam seed version = 29.0
#
# For further information on the PFASUM substitution model, see 
#
#    PFASUM: A substitution matrix from Pfam structural alignments
#    Frank Keul, Martin Hess, Michael Goesele, Kay Hamacher
#    BMC Bioinformatics, 18(1), 2017
#    http://dx.doi.org/10.1186/s12859-017-1703-z
#
#    Project Website:
#    http://www.cbs.tu-darmstadt.de/PFASUM
#
  A        R        N        D        C        Q        E        G        H        I        L        K        M        F        P        S        T        W        Y        V        B        Z        J        X        
A 4.5518   -1.3609  -1.4905  -1.5991  0.3422   -0.6658  -0.7346  0.0796   -1.8750  -1.3649  -1.4671  -1.1415  -0.7837  -2.2987  -0.7495  0.9182   -0.0075  -2.9383  -2.5358  -0.0116  -4.5527  -3.7087  -4.4286  -13.5288 
R -1.3609  6.8556   -0.0970  -0.9805  -3.5427  1.5744   0.2909   -2.3257  0.6857   -3.8605  -3.3387  3.0886   -2.2516  -4.2275  -1.6896  -0.6205  -0.7723  -2.4805  -2.1233  -3.2669  -3.5838  -2.1829  -6.5264  -13.5835 
N -1.4905  -0.0970  7.1116   2.3283   -2.7705  0.7470   0.4264   -0.0064  1.1828   -4.5386  -4.4507  0.7788   -2.8830  -4.1920  -1.3894  1.1359   0.2570   -4.1666  -2.1293  -3.9224  0.1753   -2.4507  -7.4833  -13.4341 
D -1.5991  -0.9805  2.3283   7.2818   -4.8022  0.5319   2.6532   -0.7931  -0.3559  -5.9990  -5.6492  0.0042   -4.3842  -5.8753  -0.8325  0.3064   -0.7207  -5.2890  -3.8781  -4.9684  0.5581   -1.0254  -8.7766  -13.6441 
C 0.3422   -3.5427  -2.7705  -4.8022  13.9658  -3.7007  -4.7723  -2.4754  -2.1702  -1.0518  -1.2696  -4.2128  -0.8912  -1.1156  -4.0954  -0.4315  -0.9042  -2.3225  -1.4289  -0.1080  -6.8227  -7.3393  -4.1869  -13.7651 
Q -0.6658  1.5744   0.7470   0.5319   -3.7007  6.2609   2.1693   -1.8828  1.1547   -3.6074  -2.9707  1.8981   -1.1955  -4.0492  -1.2864  0.0773   -0.1874  -3.4362  -2.2159  -2.9518  -2.3756  -0.3890  -6.1978  -13.3186 
E -0.7346  0.2909   0.4264   2.6532   -4.7723  2.1693   6.0365   -1.9172  -0.4272  -4.5731  -4.4023  1.3781   -3.0970  -5.3262  -0.9280  -0.1277  -0.4804  -4.6585  -3.3481  -3.5677  -1.1558  -0.2683  -7.4653  -13.5398 
G 0.0796   -2.3257  -0.0064  -0.7931  -2.4754  -1.8828  -1.9172  8.0203   -2.1339  -5.2593  -4.9335  -1.8652  -3.7388  -4.5250  -1.8421  0.0480   -1.8025  -4.3416  -4.2612  -4.1802  -3.4420  -4.9043  -8.0524  -14.0136 
H -1.8750  0.6857   1.1828   -0.3559  -2.1702  1.1547   -0.4272  -2.1339  10.2764  -3.7478  -3.1606  0.0375   -2.1450  -1.3721  -1.8587  -0.5752  -1.0682  -1.1540  1.7561   -3.1921  -2.6359  -2.7653  -6.3708  -13.4926 
I -1.3649  -3.8605  -4.5386  -5.9990  -1.0518  -3.6074  -4.5731  -5.2593  -3.7478  5.5761   2.5497   -3.8714  1.8589   0.7198   -3.8697  -3.4544  -1.3800  -1.8688  -1.4642  3.5598   -8.3190  -7.1858  -0.4404  -13.4965 
L -1.4671  -3.3387  -4.4507  -5.6492  -1.2696  -2.9707  -4.4023  -4.9335  -3.1606  2.5497   5.0792   -3.7433  2.6200   1.6050   -3.7530  -3.5088  -2.0799  -0.7920  -0.9500  1.4106   -8.1001  -6.8093  -0.7390  -13.7851 
K -1.1415  3.0886   0.7788   0.0042   -4.2128  1.8981   1.3781   -1.8652  0.0375   -3.8714  -3.7433  6.0577   -2.3646  -4.7977  -0.9862  -0.1080  -0.2842  -3.9859  -2.8020  -3.3021  -2.6503  -1.4198  -6.7907  -13.4450 
M -0.7837  -2.2516  -2.8830  -4.3842  -0.8912  -1.1955  -3.0970  -3.7388  -2.1450  1.8589   2.6200   -2.3646  7.9516   1.1392   -3.5283  -2.0126  -0.8656  -0.8573  -0.6667  0.8714   -6.6834  -5.2841  -0.6490  -13.2665 
F -2.2987  -4.2275  -4.1920  -5.8753  -1.1156  -4.0492  -5.3262  -4.5250  -1.3721  0.7198   1.6050   -4.7977  1.1392   8.0417   -4.1346  -3.3991  -2.6129  2.6201   4.0524   -0.0415  -8.0807  -7.8028  -1.7049  -13.6315 
P -0.7495  -1.6896  -1.3894  -0.8325  -4.0954  -1.2864  -0.9280  -1.8421  -1.8587  -3.8697  -3.7530  -0.9862  -3.5283  -4.1346  9.6381   -0.1857  -1.0968  -3.8518  -3.7840  -2.8724  -4.0599  -4.0588  -6.7962  -13.8775 
S 0.9182   -0.6205  1.1359   0.3064   -0.4315  0.0773   -0.1277  0.0480   -0.5752  -3.4544  -3.5088  -0.1080  -2.0126  -3.3991  -0.1857  4.8016   1.9745   -3.5507  -2.5206  -2.4315  -2.3223  -3.0497  -6.4884  -13.3998 
T -0.0075  -0.7723  0.2570   -0.7207  -0.9042  -0.1874  -0.4804  -1.8025  -1.0682  -1.3800  -2.0799  -0.2842  -0.8656  -2.6129  -1.0968  1.9745   5.5162   -3.2424  -2.2521  -0.3071  -3.2790  -3.3683  -4.8050  -13.3996 
W -2.9383  -2.4805  -4.1666  -5.2890  -2.3225  -3.4362  -4.6585  -4.3416  -1.1540  -1.8688  -0.7920  -3.9859  -0.8573  2.6201   -3.8518  -3.5507  -3.2424  14.1938  3.3073   -2.2249  -7.7772  -7.1594  -4.1637  -13.8551 
Y -2.5358  -2.1233  -2.1293  -3.8781  -1.4289  -2.2159  -3.3481  -4.2612  1.7561   -1.4642  -0.9500  -2.8020  -0.6667  4.0524   -3.7840  -2.5206  -2.2521  3.3073   9.3977   -1.5844  -6.0493  -5.8887  -4.1350  -13.6724 
V -0.0116  -3.2669  -3.9224  -4.9684  -0.1080  -2.9518  -3.5677  -4.1802  -3.1921  3.5598   1.4106   -3.3021  0.8714   -0.0415  -2.8724  -2.4315  -0.3071  -2.2249  -1.5844  5.1336   -7.4938  -6.3266  -0.6574  -13.5071 
B -4.5527  -3.5838  0.1753   0.5581   -6.8227  -2.3756  -1.1558  -3.4420  -2.6359  -8.3190  -8.1001  -2.6503  -6.6834  -8.0807  -4.0599  -2.3223  -3.2790  -7.7772  -6.0493  -7.4938  1.3219   -4.5734  -11.1806 -16.5543 
Z -3.7087  -2.1829  -2.4507  -1.0254  -7.3393  -0.3890  -0.2683  -4.9043  -2.7653  -7.1858  -6.8093  -1.4198  -5.2841  -7.8028  -4.0588  -3.0497  -3.3683  -7.1594  -5.8887  -6.3266  -4.5734  0.3612   -9.9462  -16.4561 
J -4.4286  -6.5264  -7.4833  -8.7766  -4.1869  -6.1978  -7.4653  -8.0524  -6.3708  -0.4404  -0.7390  -6.7907  -0.6490  -1.7049  -6.7962  -6.4884  -4.8050  -4.1637  -4.1350  -0.6574  -11.1806 -9.9462  -0.5168  -16.6754 
X -13.5288 -13.5835 -13.4341 -13.6441 -13.7651 -13.3186 -13.5398 -14.0136 -13.4926 -13.4965 -13.7851 -13.4450 -13.2665 -13.6315 -13.8775 -13.3998 -13.3996 -13.8551 -13.6724 -13.5071 -16.5543 -16.4561 -16.6754 -20.5515 