# Decimal PFASUM67 substitution matrix
# Rounded to 4 decimal digits
# Units = 1/3 Bits
# Entropy H = 0.564909 Bits
# Pfam seed version = 29.0
#
# For further information on the PFASUM substitution model, see 
#
#    PFASUM: A substitution matrix from Pfam structural alignments
#    Frank Keul, Martin Hess, Michael Goesele, Kay Hamacher
#    BMC Bioinformatics, 18(1), 2017
#    http://dx.doi.org/10.1186/s12859-017-1703-z
#
#    Project Website:
#    http://www.cbs.tu-darmstadt.de/PFASUM
#
  A        R        N        D        C        Q        E        G        H        I        L        K        M        F        P        S        T        W        Y        V        B        Z        J        X        
A 4.9327   -1.5975  -1.6519  -1.7801  0.3107   -0.7933  -0.8380  -0.0107  -2.0991  -1.5989  -1.7237  -1.2759  -0.9919  -2.6096  -0.8943  0.9807   -0.0614  -3.2866  -2.8603  -0.0996  -4.7258  -3.8214  -4.6766  -13.5885 
R -1.5975  7.2902   -0.2559  -1.2723  -3.7879  1.5254   0.0699   -2.6565  0.6029   -4.1849  -3.6062  3.1932   -2.4967  -4.6088  -2.0061  -0.8276  -0.9797  -2.7501  -2.4024  -3.5727  -3.8164  -2.3315  -6.8137  -13.6595 
N -1.6519  -0.2559  7.6566   2.3272   -2.9578  0.6646   0.2824   -0.1646  1.2342   -4.8638  -4.7648  0.6739   -3.1246  -4.5379  -1.6793  1.1071   0.1676   -4.5332  -2.3509  -4.2080  0.4601   -2.5718  -7.8016  -13.4911 
D -1.7801  -1.2723  2.3272   7.6525   -5.1389  0.4084   2.7133   -1.0039  -0.5011  -6.4387  -6.0553  -0.1911  -4.7600  -6.3288  -1.0895  0.1751   -0.9141  -5.7414  -4.2168  -5.3369  0.8228   -1.0064  -9.1947  -13.7098 
C 0.3107   -3.7879  -2.9578  -5.1389  14.2404  -3.9580  -5.1536  -2.7223  -2.4238  -1.2710  -1.4889  -4.5297  -1.0961  -1.3485  -4.4754  -0.4352  -0.9619  -2.5876  -1.6336  -0.1883  -7.0874  -7.6706  -4.4061  -13.8317 
Q -0.7933  1.5254   0.6646   0.4084   -3.9580  6.8160   2.1851   -2.1319  1.1923   -3.8727  -3.1398  1.8940   -1.2715  -4.3666  -1.4921  -0.0496  -0.3284  -3.7272  -2.4632  -3.1725  -2.4822  -0.1361  -6.3996  -13.3668 
E -0.8380  0.0699   0.2824   2.7133   -5.1536  2.1851   6.4294   -2.1656  -0.6152  -4.9180  -4.7227  1.2631   -3.3774  -5.7665  -1.1546  -0.2979  -0.6562  -5.0637  -3.6966  -3.8197  -1.1475  0.0083   -7.7947  -13.6046 
G -0.0107  -2.6565  -0.1646  -1.0039  -2.7223  -2.1319  -2.1656  8.2938   -2.4035  -5.7203  -5.3563  -2.1120  -4.1368  -4.9530  -2.2036  -0.0677  -2.0707  -4.7523  -4.7257  -4.5540  -3.6316  -5.1530  -8.4889  -14.1028 
H -2.0991  0.6029   1.2342   -0.5011  -2.4238  1.1923   -0.6152  -2.4035  10.7104  -4.0644  -3.4148  -0.0715  -2.4310  -1.4778  -2.1321  -0.7244  -1.2540  -1.3527  1.8328   -3.4983  -2.6868  -2.8538  -6.6465  -13.5557 
I -1.5989  -4.1849  -4.8638  -6.4387  -1.2710  -3.8727  -4.9180  -5.7203  -4.0644  5.9492   2.5421   -4.1713  1.8597   0.5256   -4.2273  -3.7648  -1.5021  -2.1732  -1.7709  3.6663   -8.7069  -7.5001  -0.3011  -13.5455 
L -1.7237  -3.6062  -4.7648  -6.0553  -1.4889  -3.1398  -4.7227  -5.3563  -3.4148  2.5421   5.3832   -3.9932  2.6801   1.5122   -4.0920  -3.8029  -2.2768  -1.0266  -1.1762  1.3306   -8.4662  -7.0660  -0.5567  -13.8464 
K -1.2759  3.1932   0.6739   -0.1911  -4.5297  1.8940   1.2631   -2.1120  -0.0715  -4.1713  -3.9932  6.4894   -2.5519  -5.1932  -1.2070  -0.2650  -0.4201  -4.3056  -3.1179  -3.5416  -2.8068  -1.4919  -7.0590  -13.5007 
M -0.9919  -2.4967  -3.1246  -4.7600  -1.0961  -1.2715  -3.3774  -4.1368  -2.4310  1.8597   2.6801   -2.5519  8.6003   1.0179   -3.9237  -2.2496  -0.9766  -1.0915  -0.9136  0.7934   -6.9973  -5.4724  -0.6088  -13.3232 
F -2.6096  -4.6088  -4.5379  -6.3288  -1.3485  -4.3666  -5.7665  -4.9530  -1.4778  0.5256   1.5122   -5.1932  1.0179   8.5067   -4.5751  -3.7080  -2.8997  2.6156   4.1910   -0.2664  -8.4855  -8.1929  -1.8310  -13.7072 
P -0.8943  -2.0061  -1.6793  -1.0895  -4.4754  -1.4921  -1.1546  -2.2036  -2.1321  -4.2273  -4.0920  -1.2070  -3.9237  -4.5751  9.9849   -0.3099  -1.3107  -4.2855  -4.1879  -3.1553  -4.3273  -4.2768  -7.1421  -13.9748 
S 0.9807   -0.8276  1.1071   0.1751   -0.4352  -0.0496  -0.2979  -0.0677  -0.7244  -3.7648  -3.8029  -0.2650  -2.2496  -3.7080  -0.3099  5.2834   2.0499   -3.8964  -2.8077  -2.6522  -2.4091  -3.2040  -6.7886  -13.4479 
T -0.0614  -0.9797  0.1676   -0.9141  -0.9619  -0.3284  -0.6562  -2.0707  -1.2540  -1.5021  -2.2768  -0.4201  -0.9766  -2.8997  -1.3107  2.0499   6.0309   -3.5807  -2.5591  -0.3516  -3.4268  -3.5316  -4.9706  -13.4556 
W -3.2866  -2.7501  -4.5332  -5.7414  -2.5876  -3.7272  -5.0637  -4.7523  -1.3527  -2.1732  -1.0266  -4.3056  -1.0915  2.6156   -4.2855  -3.8964  -3.5807  14.5811  3.3198   -2.5490  -8.1927  -7.5185  -4.4208  -13.9469 
Y -2.8603  -2.4024  -2.3509  -4.2168  -1.6336  -2.4632  -3.6966  -4.7257  1.8328   -1.7709  -1.1762  -3.1179  -0.9136  4.1910   -4.1879  -2.8077  -2.5591  3.3198   9.8714   -1.8986  -6.3342  -6.1970  -4.3892  -13.7522 
V -0.0996  -3.5727  -4.2080  -5.3369  -0.1883  -3.1725  -3.8197  -4.5540  -3.4983  3.6663   1.3306   -3.5416  0.7934   -0.2664  -3.1553  -2.6522  -0.3516  -2.5490  -1.8986  5.4982   -7.8268  -6.5681  -0.6432  -13.5594 
B -4.7258  -3.8164  0.4601   0.8228   -7.0874  -2.4822  -1.1475  -3.6316  -2.6868  -8.7069  -8.4662  -2.8068  -6.9973  -8.4855  -4.3273  -2.4091  -3.4268  -8.1927  -6.3342  -7.8268  1.7641   -4.5961  -11.5547 -16.6172 
Z -3.8214  -2.3315  -2.5718  -1.0064  -7.6706  -0.1361  0.0083   -5.1530  -2.8538  -7.5001  -7.0660  -1.4919  -5.4724  -8.1929  -4.2768  -3.2040  -3.5316  -7.5185  -6.1970  -6.5681  -4.5961  0.8113   -10.2233 -16.5153 
J -4.6766  -6.8137  -7.8016  -9.1947  -4.4061  -6.3996  -7.7947  -8.4889  -6.6465  -0.3011  -0.5567  -7.0590  -0.6088  -1.8310  -7.1421  -6.7886  -4.9706  -4.4208  -4.3892  -0.6432  -11.5547 -10.2233 -0.1942  -16.7319 
X -13.5885 -13.6595 -13.4911 -13.7098 -13.8317 -13.3668 -13.6046 -14.1028 -13.5557 -13.5455 -13.8464 -13.5007 -13.3232 -13.7072 -13.9748 -13.4479 -13.4556 -13.9469 -13.7522 -13.5594 -16.6172 -16.5153 -16.7319 -20.6154 